time,x,y,z,phi,theta,psi,x_velocity,y_velocity,z_velocity,phi_velocity,theta_velocity,psi_velocity,rotor_speed1,rotor_speed2,rotor_speed3,rotor_speed4
0.06,9.49849872439e-08,-6.99842764274e-08,10.0048858542,6.28308196094,6.28292682024,0.0,1.55397456776e-05,-7.81337354934e-06,0.162851805887,-0.0054116424851,-0.0147339052943,0.0,456.4728904452123,455.29588854981864,457.14387098242776,456.71256547784355
0.12000000000000001,9.10081756976e-06,-3.62278993121e-06,10.0160558757,6.28279884024,6.28200036032,0.0,0.000369803822323,-0.00013917915639,0.209474354306,-0.0033675072148,-0.0168939981051,0.0,419.05450314817887,418.8668082509142,420.2671628018212,420.4443544001234
0.18,6.33365624e-05,-2.11947158933e-05,10.0344759962,6.28202850665,6.28118566926,0.0,0.00154328007941,-0.000482320582209,0.404480134145,-0.049562903405,-0.00765764463124,0.0,466.5287263799592,467.2493418750118,467.1928378155304,463.57753989270896
0.23999999999999996,0.000208362489357,-9.28243802964e-05,10.0664445104,6.27947583298,6.28104976492,0.0,0.00332577642536,-0.00224758401073,0.66102306616,-0.0312929850571,0.00678297731166,0.0,484.06432755505125,485.149668287236,483.18184295286676,484.5561136462932
0.3,0.000453295672208,-0.000317039187304,10.1105010161,6.27771500207,6.28104256379,0.0,0.00481028007023,-0.00542365510837,0.807433891808,-0.0257154452416,-0.0198282303562,0.0,452.8982801694299,450.7531763982461,451.6656857049786,452.114976635139
0.36000000000000004,0.000788304949384,-0.000758207248948,10.1614022969,6.27620292221,6.28067684709,0.0,0.00642508478383,-0.00943327116331,0.889213914534,-0.0241925657155,0.0126049093834,0.0,430.4504839734166,433.1861096431485,431.643984585428,431.7723369046156
0.4200000000000001,0.00122629947156,-0.00148345362716,10.2192338342,6.2755848679,6.28134785955,0.0,0.00809626543623,-0.0148440480335,1.03837946705,0.00854864786776,0.00817746886607,0.0,453.54729618455235,453.19148583565203,451.4171726195052,454.051213080166
0.48000000000000015,0.00174555904202,-0.00251876143727,10.2832519489,6.27671094356,6.28217863128,0.0,0.00914727004979,-0.019582336282,1.09550508399,0.0338646185542,0.0232821103553,0.0,423.61694421206465,424.9135673249319,423.02079546322665,425.19493115406095
0.5400000000000001,0.00231212355998,-0.0038377699263,10.3549810818,6.27892892106,0.000349832218902,0.0,0.00957725946898,-0.0241345583394,1.29526268535,0.0425409724878,0.0212261039195,0.0,468.2633988560939,468.10345476849835,468.85388436536954,469.52796611382826
0.6000000000000002,0.00287531914242,-0.00535892063502,10.4343251362,6.28126476469,0.00178304797192,0.0,0.00906663593679,-0.0263363848488,1.34947723111,0.0305050889929,0.0287377596948,0.0,423.57250120606056,424.2180380167623,424.2616453918769,423.2279135204067
0.6600000000000003,0.00336865471066,-0.00697685375589,10.5217843518,0.000270102215998,0.00329050385073,0.0,0.00718443506633,-0.0273522341408,1.56555942296,0.0464113048704,0.0166883713718,0.0,473.23698593292784,472.3087468922479,474.75450324603514,475.9737575234067
0.7200000000000003,0.00373200878269,-0.00860224709402,10.617372869,0.00357354485841,0.00479403691169,0.0,0.00480460569344,-0.0265335851756,1.62064712563,0.0683375087003,0.0380098048331,0.0,423.92851400914066,425.75663901483443,423.94303738124415,425.8247921823312
0.7800000000000004,0.00392497444042,-0.0101152160723,10.7151698396,0.00786398496999,0.00737173313414,0.0,0.00140787623802,-0.0235209410451,1.63922244817,0.0771906100507,0.0513742138498,0.0,411.66638229256193,412.8483201708891,413.1897071793267,413.97372619331645
0.8400000000000004,0.00383323070034,-0.0113352374184,10.8177882328,0.0120588920349,0.0116823605676,0.0,-0.00488235144456,-0.0166634295701,1.78117236289,0.0485273503309,0.0960989401315,0.0,451.76719294909213,455.3621768534716,452.8592244728404,450.5513414424696
0.9000000000000005,0.00326336602503,-0.0120621217109,10.9286758194,0.0147317879657,0.0178755952998,0.0,-0.0147531893613,-0.00726851809836,1.9148535394,0.0350875400868,0.114601028918,0.0,449.6655479290177,451.1707167534074,451.25430827323373,450.169253904055
0.9600000000000005,0.00198574426876,-0.0121899887198,11.0462957638,0.016826190051,0.0259858997322,0.0,-0.0286022905511,0.00321505881155,2.00563705223,0.0345426296246,0.159489697073,0.0,435.7031787630047,439.4555957316534,437.678848621774,437.6340382004179
1.0200000000000005,-0.000404837812971,-0.011579535191,11.1732417303,0.0185656298421,0.0359996045875,0.0,-0.0522486038953,0.0173580923945,2.22545481301,0.0145617943208,0.178633999831,0.0,476.51978394302836,478.005108680403,478.0625043380575,476.5378649875849
1.0800000000000005,-0.00441834274124,-0.0101048342089,11.312223884,0.0197287080606,0.0462829428371,0.0,-0.0827262585889,0.0319086584305,2.40686823078,0.0276107348581,0.150177707574,0.0,467.48743631854614,465.29098368802244,466.84118958310074,467.85816466668405
1.1400000000000006,-0.0105111850341,-0.00771899767085,11.4625037799,0.0210833241761,0.0553790152604,0.0,-0.121398909818,0.0477874341919,2.60197981112,0.00989511805881,0.154302941224,0.0,471.23368719682173,471.57264064478886,472.88819832496955,471.5216335637654
1.2000000000000006,-0.0189427900402,-0.00442624012686,11.621040703,0.021635974074,0.0645577730759,0.0,-0.160557328069,0.0620228215324,2.68233940208,0.00780587066017,0.150194857177,0.0,437.97295249274384,437.65360850469114,437.47999155985474,437.3058775124068
1.2600000000000007,-0.0298073258134,-0.000302126846184,11.7828578678,0.0221787749239,0.0746591264829,0.0,-0.202476070503,0.0754909874283,2.71142923219,0.0114195039726,0.190860179523,0.0,418.8972589077704,422.4459150127672,422.12294198846104,422.43454616238256
1.3200000000000007,-0.043682297889,0.00472797721632,11.9503226757,0.0224224277556,0.0859861180193,0.0,-0.261253707668,0.0922272609795,2.87023472321,-0.0177458228187,0.184274793532,0.0,463.6250396509821,463.1403790318803,463.41330630043245,461.11507096946815
1.3800000000000008,-0.0608325325453,0.0106333591825,12.1215827876,0.0218394281038,0.0973760582052,0.0,-0.311354478573,0.104553184992,2.8384206291,0.00281770091207,0.19910002579,0.0,401.14630014405657,402.52924519776593,401.6822510349741,403.54286682787415
1.4400000000000008,-0.0813922587952,0.0173175346921,12.2930252022,0.0217039310449,0.108966593912,0.0,-0.375054545358,0.118251579973,2.8761031436,-0.0150804565807,0.177440792844,0.0,427.1376556277478,425.3242196753062,426.1617469073776,424.6291487985989
1.5000000000000009,-0.105771723855,0.0247754966109,12.4647705682,0.0211668431615,0.119587551805,0.0,-0.438485001223,0.130287559929,2.84869183201,0.00111953052134,0.17615378625,0.0,404.01296068227657,403.9305542399927,403.9256852910192,405.3841176475962
1.560000000000001,-0.134601683106,0.0330294820755,12.6386647459,0.0211305424886,0.130017555446,0.0,-0.523550667184,0.144838033862,2.94736950902,-0.0042990748539,0.168742020507,0.0,446.43811201819494,445.8618446326229,446.29151734840883,445.84903874931877
1.620000000000001,-0.169006421212,0.0421947945278,12.8203895027,0.0209102711399,0.140032067506,0.0,-0.624334670968,0.160632377105,3.10950616414,-0.00244401648375,0.16296920832,0.0,466.8680778882622,466.4426084289543,466.3764871838919,466.5214277638532
1.680000000000001,-0.209189450386,0.0522307405535,13.0083539656,0.0211941052657,0.149990343056,0.0,-0.716008148648,0.173901495108,3.15567234883,0.0161875915749,0.171378304748,0.0,431.21079160083866,431.947718384003,430.57898279859927,432.1523288590944
1.740000000000001,-0.255785727728,0.0631718819639,13.2037671888,0.0223750208192,0.160236579758,0.0,-0.838310785623,0.190912060053,3.35728016932,0.0258862449565,0.169528467897,0.0,480.3243858197924,480.2096656668377,479.93417875124476,480.6696828628511
1.8000000000000012,-0.309709520506,0.0751277181053,13.4096829003,0.0236465937225,0.170211959643,0.0,-0.960172633131,0.207756105724,3.50587447067,0.00959552702577,0.158754720849,0.0,465.7181954549275,464.8997010984171,467.5861461908692,466.3152484440436
1.8600000000000012,-0.371113077156,0.0881113082933,13.6241774976,0.0249033117903,0.179948386015,0.0,-1.0875694719,0.225118430338,3.64324768688,0.0372639925926,0.168510046695,0.0,463.4415658609783,464.2315063448157,463.4190171101967,465.5888834970396
1.9200000000000013,-0.440320471629,0.102162962478,13.846564383,0.0284133037224,0.190635881621,0.0,-1.22036713461,0.24357406689,3.76892669881,0.0832995438432,0.192525011362,0.0,461.6989590791834,463.61857234387935,459.66909850959405,463.30489856713945
1.9800000000000013,-0.517637832916,0.11739057752,14.0759621231,0.0334234896185,0.201968647905,0.0,-1.35798005521,0.26450816337,3.87693542203,0.0839068707869,0.180369930302,0.0,458.0600646423166,457.1258144726601,458.7333718869565,458.7870495726743
2.0400000000000014,-0.602885538647,0.13388399879,14.309066218,0.0384925003657,0.212785540888,0.0,-1.48456071819,0.285711647774,3.89280707535,0.0856118192191,0.180104469918,0.0,430.2240129756135,430.23412190524596,429.96992379328185,430.1204615256915
2.1000000000000014,-0.696412290838,0.151827644252,14.5452931193,0.0435749839062,0.224028569859,0.0,-1.63402726913,0.312893660819,3.98070134002,0.0828376265873,0.198960022826,0.0,454.22772857105537,455.77027436017505,453.80593451363086,453.5889008731004
2.1600000000000015,-0.798561518644,0.171389964007,14.7842110374,0.0483723084413,0.235829079242,0.0,-1.7719734704,0.339592904897,3.98280286842,0.0734623910815,0.191670721373,0.0,428.18210987316263,427.6008842858411,428.6059818150158,427.813742662795
2.2200000000000015,-0.908652636045,0.192523810258,15.0209441204,0.0525716447598,0.247536064482,0.0,-1.89867174542,0.365190871351,3.90817161062,0.0619396981735,0.201234992093,0.0,402.1807276281566,403.08751954891784,402.7497456611031,401.71035228957726
2.2800000000000016,-1.02706219164,0.215364000776,15.2552174416,0.0563448736046,0.259718211742,0.0,-2.04935167499,0.396446559722,3.90048564762,0.064716901543,0.206408407791,0.0,425.3404053625039,425.8256691834718,426.5744449910944,426.81460056226257
2.3400000000000016,-1.15508998007,0.240218165524,15.4902972665,0.0601534950573,0.271986022942,0.0,-2.21932801261,0.43234124647,3.93482858819,0.0608755127572,0.200266470532,0.0,441.43031508311793,440.9645041088475,441.4769006172761,441.1627581195201
2.4000000000000017,-1.29405515506,0.26740098291,15.7291484007,0.064122289847,0.284408199785,0.0,-2.41395752468,0.474077662135,4.02589729346,0.0750174717824,0.217949569124,0.0,461.33097805754306,462.76522089086905,459.5319996180172,460.6547967302226
2.4600000000000017,-1.44531048036,0.297242503695,15.9745507895,0.0683357895506,0.297495445538,0.0,-2.62909241361,0.521022416582,4.15293511747,0.0583234272911,0.218460345977,0.0,475.62381283001156,475.70655886389653,473.8929004465259,472.6111766104282
2.520000000000002,-1.61024377083,0.330087206591,16.2290208537,0.0717602624415,0.310884149467,0.0,-2.8699147023,0.574082836602,4.3278304887,0.0544530097598,0.231155475894,0.0,490.711688648667,491.69722012543815,492.18370399691065,491.89902807833727
2.580000000000002,-1.7883769771,0.365834577507,16.4890391536,0.0750507689489,0.325268168503,0.0,-3.0690486145,0.617722912047,4.33858421815,0.0556078866265,0.252914872591,0.0,441.5168200664579,443.36561497492625,443.89876091759606,443.99555102156796
2.640000000000002,-1.97980300939,0.404489640355,16.7527365635,0.0779186485434,0.340932971967,0.0,-3.31317704583,0.670992096521,4.44981133435,0.0237008005494,0.273758924363,0.0,476.56563117314835,478.2191879909102,478.9629060654511,476.5308587546342
2.700000000000002,-2.18609889997,0.446355683117,17.022631196,0.0792708491278,0.357775872263,0.0,-3.56478220162,0.724555256667,4.54510286381,0.0201006673693,0.29186597499,0.0,475.2404178207023,476.699995021878,475.92349610900504,475.6478182620414
2.760000000000002,-2.40764273157,0.491406211105,17.2975436259,0.080823475994,0.375511793978,0.0,-3.82147785309,0.777133257263,4.61704944075,0.0354622220624,0.302163110191,0.0,471.5644408470147,472.4423590192626,471.28666637574094,472.4727744648076
2.820000000000002,-2.64323563487,0.5392815349,17.5723125633,0.0824163606869,0.393514972889,0.0,-4.03299054392,0.818789589095,4.5410894903,-0.0047577353365,0.295471072241,0.0,425.0485419586331,424.5707505690111,428.3316352663913,424.8968948242801
2.880000000000002,-2.89298129958,0.589891405951,17.8451780721,0.0816938888956,0.411718460682,0.0,-4.2932630345,0.868039105563,4.55298694546,-0.0334842736972,0.315764984436,0.0,457.01475961070975,458.7197587554104,459.3543332651754,457.0702759899274
2.940000000000002,-3.15936009378,0.643545550587,18.1201099273,0.079805528464,0.43048291695,0.0,-4.58748131078,0.92008115285,4.60953202797,-0.027726451008,0.305899476107,0.0,476.348648312567,475.68619447774086,475.8962121923085,476.3365290980333
3.000000000000002,-3.44257391228,0.70006464284,18.3956749146,0.0785861027582,0.449418000401,0.0,-4.85434057297,0.963648935017,4.57456943042,-0.00857583683863,0.330050840829,0.0,449.6277491141986,451.67961612334005,447.8569361822649,449.41217559486813
3.0600000000000023,-3.742375076,0.759202954941,18.6694563439,0.0782725847918,0.469190155168,0.0,-5.14043194547,1.00745180589,4.54981999765,0.000751125025944,0.328488685069,0.0,456.7598661202418,456.7433781457448,456.070935527367,456.8155309336935
3.1200000000000023,-4.0606314022,0.821091125485,18.9433815331,0.0778801982168,0.488440652018,0.0,-5.46944054856,1.05529444374,4.57883994632,-0.0280201636916,0.297708603972,0.0,480.343075829386,478.0984902828786,479.2270635921952,477.03470699595334
3.1800000000000024,-4.39629218398,0.88542504694,19.2137897818,0.0758800223777,0.506526553774,0.0,-5.72048065031,1.08896059172,4.43381183919,-0.0469527536289,0.307980768936,0.0,422.2894328485246,423.27219519680153,421.94514661980975,420.3064653852265
3.2400000000000024,-4.74882437153,0.951941151661,19.4780773989,0.0732748939063,0.524861054922,0.0,-6.03176323288,1.12788330496,4.37405183089,-0.0371531186468,0.300283259242,0.0,456.4156170810644,455.89325983893565,455.16014011923085,455.94290479987035
3.3000000000000025,-5.1206996189,1.02077753705,19.7391702244,0.070695602439,0.542976568457,0.0,-6.36515792571,1.16631293693,4.32709013764,-0.0584248113726,0.305014425495,0.0,463.00114427166125,463.4620565323464,466.7461612992195,465.08161218235585
3.3600000000000025,-5.51301121967,1.09186673978,19.9974006585,0.0668987065116,0.561376776622,0.0,-6.71292741351,1.20286914884,4.27848262918,-0.0753876037334,0.309783616433,0.0,468.88506291501056,469.34594841665387,469.0120195708726,467.68958064089475
3.4200000000000026,-5.92587914518,1.16499768962,20.251468683,0.0620356487868,0.580858281565,0.0,-7.05039055211,1.2343319787,4.18846384256,-0.0958624691522,0.344436827949,0.0,457.0273251977324,459.8838000516957,460.4352495634718,458.80681684634914
3.4800000000000026,-6.35628667228,1.23964076818,20.4953097601,0.0566795013675,0.601254266471,0.0,-7.29779000209,1.2534155548,3.9386799042,-0.078579789646,0.328959788568,0.0,401.9195110530644,400.6459220601235,401.25057789663185,402.80930827072376
3.5400000000000027,-6.80307612928,1.31546495739,20.7258367148,0.0521541603365,0.620850753488,0.0,-7.59629404666,1.27368482975,3.74406952232,-0.0697592588695,0.321448790375,0.0,426.89302786501116,426.3655901070752,427.20016595147536,427.94711183319345
3.6000000000000028,-7.2697655028,1.39255903926,20.9468367643,0.0480149917907,0.640290960086,0.0,-7.96090318925,1.29569648741,3.62034082242,-0.0674838460319,0.328665305541,0.0,458.6368959182979,459.3135741304435,458.87099147551015,459.04820255817793
3.660000000000003,-7.75686569658,1.47078685564,21.1577647969,0.0439536142846,0.660216657273,0.0,-8.27676375547,1.31157214831,3.40888539104,-0.0681041778196,0.338181386292,0.0,429.682726260081,430.60584870173676,430.4947996200967,430.43868953688485
3.720000000000003,-8.2656923842,1.55004431318,21.3589412058,0.0400914618034,0.680318619239,0.0,-8.68480071593,1.32992622164,3.29416807826,-0.0577892226368,0.327868992869,0.0,472.82485696022053,472.1372901130873,474.0161352954367,474.80559917984067
3.780000000000003,-8.79621441656,1.63018309772,21.5490864109,0.0379663071147,0.700837976941,0.0,-9.00017964124,1.34115278052,3.04223771525,-0.00984430730074,0.361011433327,0.0,422.99839478936815,425.9675726335294,424.6267007532269,428.72023085694946
3.840000000000003,-9.34533303257,1.71093882393,21.7231458685,0.0373212220094,0.722320098195,0.0,-9.30468878147,1.35059932278,2.7579790423,-0.0126303061427,0.351320674119,0.0,417.6087753352271,416.90355525761476,416.6903464272856,416.44674766121403
3.900000000000003,-9.91900403225,1.79249493311,21.8866543181,0.0366060898239,0.743373836108,0.0,-9.81772406842,1.36771658972,2.68816555087,-0.0105326708792,0.35003435655,0.0,508.67329458519356,508.69087643795837,510.1657076167112,510.3156478723355
3.960000000000003,-10.518598888,1.87484329535,22.0398953716,0.0363894592266,0.764084212833,0.0,-10.169353502,1.37711424229,2.41752762138,0.0075189069579,0.333091702046,0.0,439.0193272822844,437.73471654324555,439.21765563663473,440.71287030087643
4.020000000000002,-11.1409204584,1.95779305858,22.1779938919,0.036773739567,0.783949743763,0.0,-10.5749475507,1.38778375379,2.1828383417,0.00407741859064,0.326772412755,0.0,462.22255298076976,461.83193320303167,461.738461851372,461.4666738900622
4.080000000000001,-11.7884940266,2.0413948925,22.3022863048,0.0369413897063,0.803099601396,0.0,-11.0108369319,1.39882512158,1.95698265773,9.53377985958e-05,0.296229894253,0.0,474.8727430089994,472.6191567932538,474.62019973674296,474.3143094314682
4.14,-12.459672192,2.12554437404,22.4099389224,0.0367507785603,0.820894035782,0.0,-11.3621609334,1.40605945458,1.62914891648,-0.0106912485026,0.297251491971,0.0,438.67342323294645,438.8490093609396,437.7886961604757,436.8899289126496
4.199999999999998,-13.1540179905,2.21017431531,22.4993126306,0.0359770451401,0.839371849213,0.0,-11.7826212971,1.41478232275,1.34687128443,-0.0177152091652,0.323569440618,0.0,465.280055787157,467.4273318538806,466.6915772819857,466.1429128426508
4.259999999999997,-13.8717308165,2.29523609836,22.5694725245,0.0344290543389,0.858878391175,0.0,-12.1413207116,1.42046453847,0.989165614747,-0.0514477082082,0.328015178875,0.0,441.04663793937397,441.522852648889,442.2061427500506,439.41701826943574
4.319999999999996,-14.612259007,2.38064194694,22.6187119534,0.0323196955222,0.878677382232,0.0,-12.5427783617,1.42618829139,0.648981251264,-0.0141632619353,0.333644420516,0.0,458.05353223819213,458.6091085068335,456.8426017558665,459.80640654532823
4.379999999999995,-15.3780010477,2.46638636944,22.6478547326,0.0323899893404,0.898621568289,0.0,-12.9813912871,1.43182079694,0.318780198277,0.0213388522457,0.329804964447,0.0,473.80744589565853,473.6179219200575,472.01225267334496,474.74537839964023
4.439999999999993,-16.1702730284,2.55245477066,22.6567065469,0.0345523347421,0.918563211054,0.0,-13.4268958695,1.43705573849,-0.0275461155006,0.0556338608215,0.337024096602,0.0,477.8449146689961,478.4998040437411,476.05428889096567,478.67288058945053
4.499999999999992,-16.9913665394,2.63888633898,22.6457102445,0.0379054670111,0.939067236366,0.0,-13.9413924688,1.44395414743,-0.343676877929,0.0563840044405,0.349773467145,0.0,504.76510943268937,505.7889899623789,504.25458806305755,504.3105039136018
4.559999999999991,-17.8381318525,2.72558459275,22.6112524027,0.0423337377403,0.960971643712,0.0,-14.2836237886,1.44592637831,-0.808042824541,0.0957304655389,0.385162697639,0.0,444.0399762319072,447.06946400273415,443.5782670131708,446.80323267822257
4.6199999999999894,-18.7086082405,2.81248777953,22.550567003,0.048990227775,0.984348154928,0.0,-14.7306225162,1.45079768995,-1.21924993706,0.130985611308,0.39725448987,0.0,485.08148695532844,486.13188196288826,484.5155059617606,487.16928336051745
4.679999999999988,-19.6039297487,2.89961799593,22.463236481,0.0572945434031,1.00815265622,0.0,-15.1119856962,1.45345165818,-1.69569420187,0.150164761436,0.395699507094,0.0,466.5950997525458,466.6287339702613,465.7935473819666,467.30832624759734
4.739999999999987,-20.52166837,2.98687901636,22.3464238611,0.0662974416088,1.03162470682,0.0,-15.4777409053,1.45509523483,-2.20193092102,0.149814657133,0.380249183123,0.0,464.7977395769517,463.735772427177,465.0989787005554,465.0916093263384
4.799999999999986,-21.4605651928,3.07418350502,22.1981811023,0.0752950815085,1.05481344914,0.0,-15.8172903972,1.45482358947,-2.74318903048,0.150250734861,0.396658254826,0.0,458.65097669263423,460.10175259965513,458.9850053581797,459.0399856769291
4.859999999999984,-22.4163023842,3.16128097652,22.0149154175,0.0840229052021,1.07899451689,0.0,-16.0397707943,1.44811569292,-3.36841254259,0.133589883212,0.413370350451,0.0,419.2493150785233,420.8778539405668,420.695963818786,419.27083760173946
4.919999999999983,-23.3850790332,3.24790365156,21.7935088561,0.0923269510694,1.1036173774,0.0,-16.2517022323,1.43893688134,-4.01463838573,0.146601706659,0.403635855824,0.0,418.8653550069088,418.20379602771396,417.9744724666702,419.12661300671226
4.979999999999982,-24.367017873,3.33392703907,21.5330854918,0.101005702905,1.12798487036,0.0,-16.4781553445,1.4280613983,-4.66924806362,0.140420762965,0.410673581722,0.0,425.99531473215853,426.77586729792876,427.6714009922797,427.1646940675674
5.0399999999999805,-25.3614222823,3.41916331773,21.2323715174,0.109366708099,1.15258465892,0.0,-16.6672440404,1.41264120108,-5.35749362143,0.137120516271,0.408611750213,0.0,417.5060946539113,417.51268850907337,416.47139307688263,416.20188050616997
